s <- 2
t <- 1
a <- s^2 - t^2
b <- 2*s*t
c <- s^2 + t^2
a
b
c
a^2
b^2
c^2
(a^2) + (b^2)
